1. 4

2. 4

3. 4

4. 4
5. 4

6. 4

7. 4

8. 4

9. 4

10. 4
 
11. 4 

12. 4 

13. 4 

14. 0 

15. -4
 
16. 4

17. 4000000
 
18. -4000000
 
19. 1439699 

20. 3055886 

21. 3354511

22. 3329016

23. 3296789

24. 2341690

25. 2851491

26. 3355771

27. 3221483

28. 2645446
29. 3489838

30. 3238318
31. 2930881

32. 3293968

33. 3041728

34. 3223102

35. 3231942

36. 3020087

37. 2677942

38. 3435534

39. 2537814

40. 3413109

41. 2498423

42. 3487141

43. 2521844

44. 3357559

45. 2801085

46. 3371805

47. 2485488

48. 3606738

49. 3359932

50. 2936967

51. 2582287

52. 3394668

53. 2722341

54. 3543540

55. 2883664

56. 3120728

57. 2883022

58. 3322323

59. 3089457

60. 3556821

61. 3652363

62. 2640660

63. 2831577

64. 2516112

65. 3207482

66. 2654041

67. 2945169

68. 3225134

69. 3652679

70. 3141816

71. 2992257

72. 3073924

73. 3263124

74. 3137068

75. 3224593

76. 3407701

77. 3232509
78. 2866041
79. 3482733
80. 2874264
81. 3109850
82. 3000161
83. 3247050
84. 2757356
85. 3285237
86. 3270548
87. 2772005
88. 3099841
89. 2970130
90. 3287145
91. 2906323
92. 2928063
93. 3485648
94. 3182673
95. 3232060
96. 2574466
97. 3173528
98. 3477586
99. 3427704
100. 3418987
101. 3214859
102. 2791051
103. 2839490
104. 3178878
105. 3103510
106. 3063986
107. 3521522
108. 3284756
109. 2933172
110. 2878285
111. 3220778
112. 3019927
113. 3723513
114. 3473223
115. 3128799
116. 3128397
117. 3495959
118. 3310112
119. 3319236
120. 2817949
121. 3555148
122. 3339864
123. 3771396
124. 3661008
125. 3734799
